n=41
mu=-2.43
V=2.21
w=0.79
v=1.31
U_T=1.3827999999999998
U_R=3.6191999999999998
phi=4.32
zeta_v=4.52
zeta_w=3.23
Delta_v=5.92
Delta_w=4.73