model='mf'
n_x=11
n_y=11
n_z=1
dimensions=[n_x,n_y,n_z]
n_spins=2
n_orbs=1
mu=-3.67
t=1.0
V=1.21
Delta=0.03342709
phi=0.1#0.272775
