n=41
mu=0.0
V=2.21
w=0.79
v=1.31
U_T=3.6413999999999995
U_R=2.3165999999999998
phi=4.32
zeta_v=4.52
zeta_w=3.23
Delta_v=5.92
Delta_w=4.73